wall_0 0 0 32 32
wall_1 0 32 32 32
wall_2 0 64 32 32
wall_3 0 96 32 32
wall_4 0 128 32 32
wall_5 0 160 32 32
wall_6 32 0 32 32
wall_7 32 32 32 32
wall_8 32 64 32 32
wall_9 32 96 32 32
wall_10 32 128 32 32
wall_11 32 160 32 32
wall_12 64 0 32 32
wall_13 64 32 32 32
wall_14 64 64 32 32
wall_15 64 96 32 32
wall_16 64 128 32 32
wall_17 64 160 32 32
wall_18 96 0 32 32
wall_19 96 32 32 32
wall_20 96 64 32 32
wall_21 96 96 32 32
wall_22 96 128 32 32
wall_23 96 160 32 32
wall_24 128 0 32 32
wall_25 128 32 32 32
wall_26 128 64 32 32
wall_27 128 96 32 32
wall_28 128 128 32 32
wall_29 128 160 32 32
wall_30 160 0 32 32
wall_31 160 32 32 32
wall_32 160 64 32 32
wall_33 160 96 32 32
wall_34 160 128 32 32
wall_35 160 160 32 32
wall_36 192 0 32 32
wall_37 192 32 32 32
wall_38 192 64 32 32
wall_39 192 96 32 32
wall_40 192 128 32 32
wall_41 192 160 32 32
wall_42 224 0 32 32
wall_43 224 32 32 32
wall_44 224 64 32 32
wall_45 224 96 32 32
wall_46 224 128 32 32
wall_47 224 160 32 32
