floor_0 0 0 32 32
floor_1 0 32 32 32
floor_2 0 64 32 32
floor_3 0 96 32 32
floor_4 0 128 32 32
floor_5 0 160 32 32
floor_6 32 0 32 32
floor_7 32 32 32 32
floor_8 32 64 32 32
floor_9 32 96 32 32
floor_10 32 128 32 32
floor_11 32 160 32 32
floor_12 64 0 32 32
floor_13 64 32 32 32
floor_14 64 64 32 32
floor_15 64 96 32 32
floor_16 64 128 32 32
floor_17 64 160 32 32
floor_18 96 0 32 32
floor_19 96 32 32 32
floor_20 96 64 32 32
floor_21 96 96 32 32
floor_22 96 128 32 32
floor_23 96 160 32 32
floor_24 128 0 32 32
floor_25 128 32 32 32
floor_26 128 64 32 32
floor_27 128 96 32 32
floor_28 128 128 32 32
floor_29 128 160 32 32
floor_30 160 0 32 32
floor_31 160 32 32 32
floor_32 160 64 32 32
floor_33 160 96 32 32
floor_34 160 128 32 32
floor_35 160 160 32 32
floor_36 192 0 32 32
floor_37 192 32 32 32
floor_38 192 64 32 32
floor_39 192 96 32 32
floor_40 192 128 32 32
floor_41 192 160 32 32
floor_42 224 0 32 32
floor_43 224 32 32 32
floor_44 224 64 32 32
floor_45 224 96 32 32
floor_46 224 128 32 32
floor_47 224 160 32 32
